1970/01/09 02:41:00 35605 3.940975 1.608009 5.493332 5.397707 -1.066034 47.953264 -1.066034 0.931905 -13.321159 47.953264 -13.321159 512.633801
1970/01/09 02:41:00 35974 4.291693 1.389271 21.729447 1.770253 0.011084 37.882847 0.011084 0.191247 0.087419 37.882847 0.087419 1019.389662
1970/01/09 02:41:01 35605 3.940975 1.608009 5.493332 5.397707 -1.066034 47.953264 -1.066034 0.931905 -13.321159 47.953264 -13.321159 512.633801
1970/01/09 02:41:01 35974 4.296359 1.381206 23.767945 1.756253 0.014590 41.162831 0.014590 0.191388 0.202787 41.162831 0.202787 1215.168624
1970/01/09 02:41:02 35605 3.940975 1.608009 5.493332 5.397707 -1.066034 47.953264 -1.066034 0.931905 -13.321159 47.953264 -13.321159 512.633801
1970/01/09 02:41:02 35974 4.300430 1.389946 31.273004 1.699706 0.025884 52.754149 0.025884 0.191914 0.717094 52.754149 0.717094 2078.183002
1970/01/09 02:41:03 35605 3.940975 1.608009 5.493332 5.397707 -1.066034 47.953264 -1.066034 0.931905 -13.321159 47.953264 -13.321159 512.633801
1970/01/09 02:41:03 35974 4.306031 1.398789 41.135046 1.629167 0.039753 66.866249 0.039753 0.192931 1.692428 66.866249 1.692428 3519.611720
1970/01/09 02:41:04 35605 3.940975 1.608009 5.493332 5.397707 -1.066034 47.953264 -1.066034 0.931905 -13.321159 47.953264 -13.321159 512.633801
1970/01/09 02:41:04 35974 4.315727 1.402263 39.122657 1.646546 0.036816 64.080396 0.036816 0.193009 1.452512 64.080396 1.452512 3186.896500
1970/01/09 02:41:05 35605 3.940975 1.608009 5.493332 5.397707 -1.066034 47.953264 -1.066034 0.931905 -13.321159 47.953264 -13.321159 512.633801
1970/01/09 02:41:05 35974 4.333021 1.408213 39.558778 1.648804 0.037173 64.672402 0.037173 0.193541 1.481122 64.672402 1.481122 3235.904187
1970/01/09 02:41:06 35605 3.940975 1.608009 5.493332 5.397707 -1.066034 47.953264 -1.066034 0.931905 -13.321159 47.953264 -13.321159 512.633801
1970/01/09 02:41:06 35974 4.325952 1.399578 27.953225 1.732587 0.020426 47.676180 0.020426 0.192455 0.442076 47.676180 0.442076 1653.952991
1970/01/09 02:41:07 35605 3.940975 1.608009 5.493332 5.397707 -1.066034 47.953264 -1.066034 0.931905 -13.321159 47.953264 -13.321159 512.633801
1970/01/09 02:41:07 35974 4.324757 1.402851 25.987352 1.747119 0.017281 44.625233 0.017281 0.192354 0.306687 44.625233 0.306687 1434.128552
1970/01/09 02:41:08 35605 3.940975 1.608009 5.493332 5.397707 -1.066034 47.953264 -1.066034 0.931905 -13.321159 47.953264 -13.321159 512.633801
1970/01/09 02:41:08 35974 4.319036 1.398035 23.759062 1.762874 0.013946 41.114661 0.013946 0.192102 0.181484 41.114661 0.181484 1204.425114
1970/01/09 02:41:09 35605 3.940975 1.608009 5.493332 5.397707 -1.066034 47.953264 -1.066034 0.931905 -13.321159 47.953264 -13.321159 512.633801
1970/01/09 02:41:09 35974 4.324489 1.400879 24.506862 1.758698 0.015021 42.297810 0.015021 0.192292 0.220010 42.297810 0.220010 1277.942165
1970/01/09 02:41:10 35605 3.940975 1.608009 5.493332 5.397707 -1.066034 47.953264 -1.066034 0.931905 -13.321159 47.953264 -13.321159 512.633801
1970/01/09 02:41:10 35974 4.319024 1.401399 23.878515 1.761765 0.014031 41.304366 0.014031 0.192125 0.184198 41.304366 0.184198 1216.458334
1970/01/09 02:41:11 35605 3.940975 1.608009 5.493332 5.397707 -1.066034 47.953264 -1.066034 0.931905 -13.321159 47.953264 -13.321159 512.633801
1970/01/09 02:41:11 35974 4.313509 1.405306 23.395005 1.763530 0.013162 40.536931 0.013162 0.191983 0.153679 40.536931 0.153679 1170.623478
1970/01/09 02:41:12 35605 3.940975 1.608009 5.493332 5.397707 -1.066034 47.953264 -1.066034 0.931905 -13.321159 47.953264 -13.321159 512.633801
1970/01/09 02:41:12 35974 4.315851 1.403963 22.039357 1.774968 0.011012 38.348065 0.011012 0.192001 0.086082 38.348065 0.086082 1039.120174
1970/01/09 02:41:13 35605 3.940975 1.608009 5.493332 5.397707 -1.066034 47.953264 -1.066034 0.931905 -13.321159 47.953264 -13.321159 512.633801
1970/01/09 02:41:13 35974 4.311341 1.405302 19.541266 1.793377 0.006918 34.267136 0.006918 0.191862 -0.023326 34.267136 -0.023326 819.442882
1970/01/09 02:41:14 35605 3.940975 1.608009 5.493332 5.397707 -1.066034 47.953264 -1.066034 0.931905 -13.321159 47.953264 -13.321159 512.633801
1970/01/09 02:41:14 35974 4.311426 1.408633 19.623868 1.792552 0.006946 34.400873 0.006946 0.191885 -0.023365 34.400873 -0.023365 826.281509
1970/01/09 02:41:15 35605 3.940975 1.608009 5.493332 5.397707 -1.066034 47.953264 -1.066034 0.931905 -13.321159 47.953264 -13.321159 512.633801
1970/01/09 02:41:15 35974 4.311341 1.405302 19.541266 1.793377 0.006918 34.267136 0.006918 0.191862 -0.023326 34.267136 -0.023326 819.442882
1970/01/09 02:41:16 35605 3.940975 1.608009 5.493332 5.397707 -1.066034 47.953264 -1.066034 0.931905 -13.321159 47.953264 -13.321159 512.633801
1970/01/09 02:41:16 35974 4.320182 1.412231 22.495953 1.772267 0.011462 39.073219 0.011462 0.192170 0.099125 39.073219 0.099125 1080.395983
1970/01/09 02:41:17 35605 3.940975 1.608009 5.493332 5.397707 -1.066034 47.953264 -1.066034 0.931905 -13.321159 47.953264 -13.321159 512.633801
1970/01/09 02:41:17 35974 4.317755 1.410258 23.786492 1.761525 0.013607 41.151749 0.013607 0.192131 0.168744 41.151749 0.168744 1207.680819
1970/01/09 02:41:18 35605 3.940975 1.608009 5.493332 5.397707 -1.066034 47.953264 -1.066034 0.931905 -13.321159 47.953264 -13.321159 512.633801
1970/01/09 02:41:18 35974 4.307985 1.412587 23.043616 1.764088 0.012395 39.977088 0.012395 0.191865 0.127163 39.977088 0.127163 1138.406243
1970/01/09 02:41:19 35605 3.940975 1.608009 5.493332 5.397707 -1.066034 47.953264 -1.066034 0.931905 -13.321159 47.953264 -13.321159 512.633801
1970/01/09 02:41:19 35974 4.309651 1.412293 24.706363 1.751660 0.015046 42.628654 0.015046 0.191956 0.218879 42.628654 0.218879 1305.688645
1970/01/09 02:41:20 35605 3.940975 1.608009 5.493332 5.397707 -1.066034 47.953264 -1.066034 0.931905 -13.321159 47.953264 -13.321159 512.633801
1970/01/09 02:41:20 35974 4.302358 1.417920 27.987195 1.723824 0.020041 47.772616 0.020041 0.191933 0.423950 47.772616 0.423950 1673.560127
1970/01/09 02:41:21 35605 3.940975 1.608009 5.493332 5.397707 -1.066034 47.953264 -1.066034 0.931905 -13.321159 47.953264 -13.321159 512.633801
1970/01/09 02:41:21 35974 4.298230 1.416245 27.618503 1.725441 0.019549 47.215239 0.019549 0.191802 0.401324 47.215239 0.401324 1633.327835
1970/01/09 02:41:22 35605 3.940975 1.608009 5.493332 5.397707 -1.066034 47.953264 -1.066034 0.931905 -13.321159 47.953264 -13.321159 512.633801
1970/01/09 02:41:22 35974 4.292988 1.414539 25.230602 1.742252 0.015900 43.493961 0.015900 0.191558 0.249229 43.493961 0.249229 1369.903606
1970/01/09 02:41:23 35605 3.940975 1.608009 5.493332 5.397707 -1.066034 47.953264 -1.066034 0.931905 -13.321159 47.953264 -13.321159 512.633801
1970/01/09 02:41:23 35974 4.287260 1.416536 23.341163 1.755083 0.012863 40.495302 0.012863 0.191363 0.139882 40.495302 0.139882 1177.168038
1970/01/09 02:41:24 35605 3.940975 1.608009 5.493332 5.397707 -1.066034 47.953264 -1.066034 0.931905 -13.321159 47.953264 -13.321159 512.633801
1970/01/09 02:41:24 35974 4.300794 1.417365 23.186583 1.760618 0.012522 40.225296 0.012522 0.191726 0.130065 40.225296 0.130065 1155.853907
1970/01/09 02:41:25 35605 3.940975 1.608009 5.493332 5.397707 -1.066034 47.953264 -1.066034 0.931905 -13.321159 47.953264 -13.321159 512.633801
1970/01/09 02:41:25 35974 4.312529 1.422051 21.706107 1.775814 0.009924 37.808197 0.009924 0.192037 0.051529 37.808197 0.051529 1009.404332
1970/01/09 02:41:26 35605 3.940975 1.608009 5.493332 5.397707 -1.066034 47.953264 -1.066034 0.931905 -13.321159 47.953264 -13.321159 512.633801
1970/01/09 02:41:26 35974 4.315405 1.422437 21.559137 1.777728 0.009653 37.560371 0.009653 0.192101 0.044075 37.560371 0.044075 994.718791
1970/01/09 02:41:27 35605 3.940975 1.608009 5.493332 5.397707 -1.066034 47.953264 -1.066034 0.931905 -13.321159 47.953264 -13.321159 512.633801
1970/01/09 02:41:27 35974 4.318860 1.428379 24.904781 1.752368 0.014818 42.928414 0.014818 0.192314 0.210613 42.928414 0.210613 1322.259174
1970/01/09 02:41:28 35605 3.940975 1.608009 5.493332 5.397707 -1.066034 47.953264 -1.066034 0.931905 -13.321159 47.953264 -13.321159 512.633801
1970/01/09 02:41:28 35974 4.318860 1.428379 24.904781 1.752368 0.014818 42.928414 0.014818 0.192314 0.210613 42.928414 0.210613 1322.259174
1970/01/09 02:41:29 35605 3.940975 1.608009 5.493332 5.397707 -1.066034 47.953264 -1.066034 0.931905 -13.321159 47.953264 -13.321159 512.633801
1970/01/09 02:41:29 35974 4.318860 1.428379 24.904781 1.752368 0.014818 42.928414 0.014818 0.192314 0.210613 42.928414 0.210613 1322.259174
1970/01/09 02:41:30 35605 3.940975 1.608009 5.493332 5.397707 -1.066034 47.953264 -1.066034 0.931905 -13.321159 47.953264 -13.321159 512.633801
1970/01/09 02:41:30 35974 4.313449 1.432250 24.387980 1.754383 0.013901 42.112428 0.013901 0.192171 0.176772 42.112428 0.176772 1271.088997
1970/01/09 02:41:31 35605 3.940975 1.608009 5.493332 5.397707 -1.066034 47.953264 -1.066034 0.931905 -13.321159 47.953264 -13.321159 512.633801
1970/01/09 02:41:31 35974 4.313449 1.432250 24.387980 1.754383 0.013901 42.112428 0.013901 0.192171 0.176772 42.112428 0.176772 1271.088997
1970/01/09 02:41:32 35605 3.940975 1.608009 5.493332 5.397707 -1.066034 47.953264 -1.066034 0.931905 -13.321159 47.953264 -13.321159 512.633801
1970/01/09 02:41:32 35974 4.321568 1.433617 23.618857 1.762898 0.012588 40.869234 0.012588 0.192373 0.132755 40.869234 0.132755 1189.291975
1970/01/09 02:41:33 35605 3.940975 1.608009 5.493332 5.397707 -1.066034 47.953264 -1.066034 0.931905 -13.321159 47.953264 -13.321159 512.633801
1970/01/09 02:41:33 35974 4.321573 1.436987 23.743627 1.761752 0.012681 41.067274 0.012681 0.192397 0.135498 41.067274 0.135498 1201.756723
1970/01/09 02:41:34 35605 3.940975 1.608009 5.493332 5.397707 -1.066034 47.953264 -1.066034 0.931905 -13.321159 47.953264 -13.321159 512.633801
1970/01/09 02:41:34 35974 4.317874 1.438004 20.885613 1.782941 0.008043 36.443143 0.008043 0.192248 -0.001717 36.443143 -0.001717 932.701539
1970/01/09 02:41:35 35605 3.940975 1.608009 5.493332 5.397707 -1.066034 47.953264 -1.066034 0.931905 -13.321159 47.953264 -13.321159 512.633801
1970/01/09 02:41:35 35974 4.312275 1.442011 20.516626 1.783799 0.007336 35.842089 0.007336 0.192116 -0.021082 35.842089 -0.021082 901.963145
1970/01/09 02:41:36 35605 3.940975 1.608009 5.493332 5.397707 -1.066034 47.953264 -1.066034 0.931905 -13.321159 47.953264 -13.321159 512.633801
1970/01/09 02:41:36 35974 4.312275 1.442011 20.516626 1.783799 0.007336 35.842089 0.007336 0.192116 -0.021082 35.842089 -0.021082 901.963145
1970/01/09 02:41:37 35605 3.940975 1.608009 5.493332 5.397707 -1.066034 47.953264 -1.066034 0.931905 -13.321159 47.953264 -13.321159 512.633801
1970/01/09 02:41:37 35974 4.314438 1.447638 19.650070 1.791019 0.005717 34.404501 0.005717 0.192200 -0.060129 34.404501 -0.060129 826.752002
1970/01/09 02:41:38 35605 3.940975 1.608009 5.493332 5.397707 -1.066034 47.953264 -1.066034 0.931905 -13.321159 47.953264 -13.321159 512.633801
1970/01/09 02:41:38 35974 4.314544 1.450976 19.739179 1.790147 0.005756 34.548329 0.005756 0.192224 -0.060084 34.548329 -0.060084 834.137856
1970/01/09 02:41:39 35605 3.940975 1.608009 5.493332 5.397707 -1.066034 47.953264 -1.066034 0.931905 -13.321159 47.953264 -13.321159 512.633801
1970/01/09 02:41:39 35974 4.300998 1.451298 16.502938 1.811914 0.000406 29.150606 0.000406 0.191897 -0.159483 29.150606 -0.159483 585.619295
1970/01/09 02:41:40 35605 3.940975 1.608009 5.493332 5.397707 -1.066034 47.953264 -1.066034 0.931905 -13.321159 47.953264 -13.321159 512.633801
1970/01/09 02:41:40 35974 4.307099 1.453810 16.878428 1.810669 0.000928 29.774136 0.000928 0.192069 -0.151959 29.774136 -0.151959 611.179734
1970/01/09 02:41:41 35605 3.940975 1.608009 5.493332 5.397707 -1.066034 47.953264 -1.066034 0.931905 -13.321159 47.953264 -13.321159 512.633801
1970/01/09 02:41:41 35974 4.311598 1.458616 17.093482 1.810006 0.001112 30.126608 0.001112 0.192212 -0.150280 30.126608 -0.150280 625.794009
1970/01/09 02:41:42 35605 3.940975 1.608009 5.493332 5.397707 -1.066034 47.953264 -1.066034 0.931905 -13.321159 47.953264 -13.321159 512.633801
1970/01/09 02:41:42 35974 4.313239 1.461187 16.437681 1.815681 -0.000085 29.014629 -0.000085 0.192285 -0.168383 29.014629 -0.168383 578.141906
1970/01/09 02:41:43 35605 3.940975 1.608009 5.493332 5.397707 -1.066034 47.953264 -1.066034 0.931905 -13.321159 47.953264 -13.321159 512.633801
1970/01/09 02:41:43 35974 4.313423 1.464504 16.501716 1.815003 -0.000087 29.118635 -0.000087 0.192310 -0.169587 29.118635 -0.169587 582.530709
1970/01/09 02:41:44 35605 3.940975 1.608009 5.493332 5.397707 -1.066034 47.953264 -1.066034 0.931905 -13.321159 47.953264 -13.321159 512.633801
1970/01/09 02:41:44 35974 4.301789 1.467708 14.836105 1.824794 -0.002965 26.293528 -0.002965 0.192077 -0.205653 26.293528 -0.205653 472.207320
1970/01/09 02:41:45 35605 3.940975 1.608009 5.493332 5.397707 -1.066034 47.953264 -1.066034 0.931905 -13.321159 47.953264 -13.321159 512.633801
1970/01/09 02:41:45 35974 4.304879 1.469797 15.546839 1.819740 -0.001837 27.501270 -0.001837 0.192143 -0.194483 27.501270 -0.194483 518.224420
1970/01/09 02:41:46 35605 3.940975 1.608009 5.493332 5.397707 -1.066034 47.953264 -1.066034 0.931905 -13.321159 47.953264 -13.321159 512.633801
1970/01/09 02:41:46 35974 4.299074 1.472286 14.285819 1.828222 -0.004043 25.346534 -0.004043 0.192062 -0.217373 25.346534 -0.217373 437.853081
1970/01/09 02:41:47 35605 3.940975 1.608009 5.493332 5.397707 -1.066034 47.953264 -1.066034 0.931905 -13.321159 47.953264 -13.321159 512.633801
1970/01/09 02:41:47 35974 4.299312 1.475591 14.335727 1.827653 -0.004068 25.427525 -0.004068 0.192087 -0.219004 25.427525 -0.219004 440.800140
1970/01/09 02:41:48 35605 3.940975 1.608009 5.493332 5.397707 -1.066034 47.953264 -1.066034 0.931905 -13.321159 47.953264 -13.321159 512.633801
1970/01/09 02:41:48 35974 4.306991 1.480773 14.149069 1.831310 -0.004593 25.092527 -0.004593 0.192336 -0.224485 25.092527 -0.224485 427.963041
1970/01/09 02:41:49 35605 3.940975 1.608009 5.493332 5.397707 -1.066034 47.953264 -1.066034 0.931905 -13.321159 47.953264 -13.321159 512.633801
1970/01/09 02:41:49 35974 4.294551 1.481075 12.868215 1.838155 -0.006747 22.895790 -0.006747 0.192091 -0.238554 22.895790 -0.238554 354.984965
1970/01/09 02:41:50 35605 3.940975 1.608009 5.493332 5.397707 -1.066034 47.953264 -1.066034 0.931905 -13.321159 47.953264 -13.321159 512.633801
1970/01/09 02:41:50 35974 4.297899 1.482996 13.397799 1.834563 -0.005914 23.805754 -0.005914 0.192153 -0.235067 23.805754 -0.235067 384.587066
1970/01/09 02:41:51 35605 3.940975 1.608009 5.493332 5.397707 -1.066034 47.953264 -1.066034 0.931905 -13.321159 47.953264 -13.321159 512.633801
1970/01/09 02:41:51 35974 4.295098 1.487673 12.951365 1.837142 -0.006825 23.030058 -0.006825 0.192142 -0.242081 23.030058 -0.242081 359.362785
1970/01/09 02:41:52 35605 3.940975 1.608009 5.493332 5.397707 -1.066034 47.953264 -1.066034 0.931905 -13.321159 47.953264 -13.321159 512.633801
1970/01/09 02:41:52 35974 4.291989 1.489082 12.495110 1.839970 -0.007644 22.240190 -0.007644 0.192106 -0.246130 22.240190 -0.246130 334.570401
1970/01/09 02:41:53 35605 3.940975 1.608009 5.493332 5.397707 -1.066034 47.953264 -1.066034 0.931905 -13.321159 47.953264 -13.321159 512.633801
1970/01/09 02:41:53 35974 4.283843 1.494354 11.588580 1.844825 -0.009349 20.667741 -0.009349 0.192011 -0.253038 20.667741 -0.253038 288.147897
1970/01/09 02:41:54 35605 3.940975 1.608009 5.493332 5.397707 -1.066034 47.953264 -1.066034 0.931905 -13.321159 47.953264 -13.321159 512.633801
1970/01/09 02:41:54 35974 4.284149 1.497648 11.623124 1.844370 -0.009399 20.723077 -0.009399 0.192037 -0.254837 20.723077 -0.254837 289.763573
1970/01/09 02:41:55 35605 3.940975 1.608009 5.493332 5.397707 -1.066034 47.953264 -1.066034 0.931905 -13.321159 47.953264 -13.321159 512.633801
1970/01/09 02:41:55 35974 4.280930 1.499140 11.254655 1.846488 -0.010073 20.081139 -0.010073 0.192004 -0.256130 20.081139 -0.256130 271.763907
1970/01/09 02:41:56 35605 3.940975 1.608009 5.493332 5.397707 -1.066034 47.953264 -1.066034 0.931905 -13.321159 47.953264 -13.321159 512.633801
1970/01/09 02:41:56 35974 4.287429 1.501485 11.439830 1.846767 -0.009859 20.394134 -0.009859 0.192173 -0.256812 20.394134 -0.256812 280.117861
1970/01/09 02:41:57 35605 3.940975 1.608009 5.493332 5.397707 -1.066034 47.953264 -1.066034 0.931905 -13.321159 47.953264 -13.321159 512.633801
1970/01/09 02:41:57 35974 4.287746 1.504779 11.473899 1.846317 -0.009910 20.448574 -0.009910 0.192199 -0.258614 20.448574 -0.258614 281.682806
1970/01/09 02:41:58 35605 3.940975 1.608009 5.493332 5.397707 -1.066034 47.953264 -1.066034 0.931905 -13.321159 47.953264 -13.321159 512.633801
1970/01/09 02:41:58 35974 4.279433 1.510190 10.706824 1.850028 -0.011380 19.113362 -0.011380 0.192109 -0.261224 19.113362 -0.261224 245.622386
1970/01/09 02:41:59 35605 3.940975 1.608009 5.493332 5.397707 -1.066034 47.953264 -1.066034 0.931905 -13.321159 47.953264 -13.321159 512.633801
1970/01/09 02:41:59 35974 4.279433 1.510190 10.706824 1.850028 -0.011380 19.113362 -0.011380 0.192109 -0.261224 19.113362 -0.261224 245.622386
1970/01/09 02:42:00 35605 3.940975 1.608009 5.493332 5.397707 -1.066034 47.953264 -1.066034 0.931905 -13.321159 47.953264 -13.321159 512.633801
1970/01/09 02:42:00 35974 4.276499 1.515027 10.423174 1.851280 -0.012020 18.612845 -0.012020 0.192104 -0.262855 18.612845 -0.262855 232.769727
1970/01/09 02:42:01 35605 3.940975 1.608009 5.493332 5.397707 -1.066034 47.953264 -1.066034 0.931905 -13.321159 47.953264 -13.321159 512.633801
1970/01/09 02:42:01 35974 4.276844 1.518317 10.452327 1.850865 -0.012080 18.658938 -0.012080 0.192132 -0.264629 18.658938 -0.264629 233.974039
1970/01/09 02:42:02 35605 3.940975 1.608009 5.493332 5.397707 -1.066034 47.953264 -1.066034 0.931905 -13.321159 47.953264 -13.321159 512.633801
1970/01/09 02:42:02 35974 4.274605 1.522876 9.929202 1.854551 -0.013126 17.742399 -0.013126 0.192187 -0.264004 17.742399 -0.264004 211.063883
1970/01/09 02:42:03 35605 3.940975 1.608009 5.493332 5.397707 -1.066034 47.953264 -1.066034 0.931905 -13.321159 47.953264 -13.321159 512.633801
1970/01/09 02:42:03 35974 4.294932 1.529161 9.998750 1.859825 -0.013295 17.854628 -0.013295 0.192766 -0.265715 17.854628 -0.265715 212.696962
1970/01/09 02:42:04 35605 3.940975 1.608009 5.493332 5.397707 -1.066034 47.953264 -1.066034 0.931905 -13.321159 47.953264 -13.321159 512.633801
1970/01/09 02:42:04 35974 4.320339 1.538001 10.621954 1.861477 -0.012611 18.929769 -0.012611 0.193414 -0.271571 18.929769 -0.271571 238.397496
1970/01/09 02:42:05 35605 3.940975 1.608009 5.493332 5.397707 -1.066034 47.953264 -1.066034 0.931905 -13.321159 47.953264 -13.321159 512.633801
1970/01/09 02:42:05 35974 4.313712 1.541149 10.034624 1.864447 -0.013702 17.906453 -0.013702 0.193352 -0.270109 17.906453 -0.270109 212.994384
1970/01/09 02:42:06 35605 3.940975 1.608009 5.493332 5.397707 -1.066034 47.953264 -1.066034 0.931905 -13.321159 47.953264 -13.321159 512.633801
1970/01/09 02:42:06 35974 4.279807 1.539300 9.552243 1.858272 -0.014338 17.072325 -0.014338 0.192509 -0.268255 17.072325 -0.268255 194.844721
1970/01/09 02:42:07 35605 3.940975 1.608009 5.493332 5.397707 -1.066034 47.953264 -1.066034 0.931905 -13.321159 47.953264 -13.321159 512.633801
1970/01/09 02:42:07 35974 4.248886 1.538123 8.981760 1.854030 -0.015163 16.076462 -0.015163 0.191789 -0.264306 16.076462 -0.264306 173.631985
1970/01/09 02:42:08 35605 3.940975 1.608009 5.493332 5.397707 -1.066034 47.953264 -1.066034 0.931905 -13.321159 47.953264 -13.321159 512.633801
1970/01/09 02:42:08 35974 4.239811 1.540540 8.479348 1.855815 -0.016069 15.202306 -0.016069 0.191685 -0.259618 15.202306 -0.259618 155.178073
1970/01/09 02:42:09 35605 3.940975 1.608009 5.493332 5.397707 -1.066034 47.953264 -1.066034 0.931905 -13.321159 47.953264 -13.321159 512.633801
1970/01/09 02:42:09 35974 4.224268 1.546202 7.530947 1.860088 -0.017813 13.550519 -0.017813 0.191597 -0.247700 13.550519 -0.247700 123.077789
1970/01/09 02:42:10 35605 3.940975 1.608009 5.493332 5.397707 -1.066034 47.953264 -1.066034 0.931905 -13.321159 47.953264 -13.321159 512.633801
1970/01/09 02:42:10 35974 4.199991 1.554836 6.421480 1.864160 -0.019861 11.621845 -0.019861 0.191486 -0.229204 11.621845 -0.229204 90.454577
1970/01/09 02:42:11 35605 3.940975 1.608009 5.493332 5.397707 -1.066034 47.953264 -1.066034 0.931905 -13.321159 47.953264 -13.321159 512.633801
1970/01/09 02:42:11 35974 4.175732 1.563660 5.503051 1.867568 -0.021540 10.047073 -0.021540 0.191480 -0.210070 10.047073 -0.210070 67.577793
1970/01/09 02:42:12 35605 4.015401 1.585773 7.572043 5.433219 -1.069326 66.829815 -1.069326 0.936751 -18.433587 66.829815 -18.433587 984.537607
1970/01/09 02:42:12 35974 4.161604 1.563957 4.942850 1.871425 -0.022358 9.112106 -0.022358 0.191589 -0.195205 9.112106 -0.195205 55.513654
1970/01/09 02:42:13 35605 4.087228 1.564479 12.131263 5.411672 -1.055303 108.338327 -1.055303 0.937023 -29.638173 108.338327 -29.638173 2591.473131
1970/01/09 02:42:13 35974 4.183690 1.581095 5.271066 1.871800 -0.022495 9.653147 -0.022495 0.192016 -0.207691 9.653147 -0.207691 62.168038
1970/01/09 02:42:14 35605 4.053621 1.596551 7.543892 5.462162 -1.076755 66.355798 -1.076755 0.943345 -18.281543 66.355798 -18.281543 962.797502
1970/01/09 02:42:14 35974 4.232202 1.567408 6.214723 1.875762 -0.020726 11.284051 -0.020726 0.192574 -0.226098 11.284051 -0.226098 84.429385
1970/01/09 02:42:15 35605 4.016824 1.622354 5.759455 5.451007 -1.078862 50.154706 -1.078862 0.943593 -13.889111 50.154706 -13.889111 552.250187
1970/01/09 02:42:15 35974 4.260757 1.553306 7.113457 1.875520 -0.018881 12.849629 -0.018881 0.192804 -0.239631 12.849629 -0.239631 109.284861
1970/01/09 02:42:16 35605 3.979477 1.655888 4.479564 5.425092 -1.076969 38.764198 -1.076969 0.943792 -10.792587 38.764198 -10.792587 332.322140
1970/01/09 02:42:16 35974 4.284883 1.538094 8.253343 1.872402 -0.016539 14.844062 -0.016539 0.192950 -0.252001 14.844062 -0.252001 145.908817
1970/01/09 02:42:17 35605 4.080977 1.643607 5.327374 5.511319 -1.094331 46.162925 -1.094331 0.956265 -12.756616 46.162925 -12.756616 460.435054
1970/01/09 02:42:17 35974 4.298975 1.527934 8.872371 1.871561 -0.015195 15.934476 -0.015195 0.193096 -0.254818 15.934476 -0.254818 168.079041
1970/01/09 02:42:18 35605 4.056015 1.620144 5.147063 5.517728 -1.093720 44.719304 -1.093720 0.951930 -12.341092 44.719304 -12.341092 432.071663
1970/01/09 02:42:18 35974 4.327185 1.523589 10.336669 1.867111 -0.012639 18.481114 -0.012639 0.193539 -0.262642 18.481114 -0.262642 226.333901
1970/01/09 02:42:19 35605 4.018517 1.596193 4.624458 5.526635 -1.093669 40.309447 -1.093669 0.947037 -11.111884 40.309447 -11.111884 351.089250
1970/01/09 02:42:19 35974 4.408834 1.513983 14.053588 1.862141 -0.006287 24.835909 -0.006287 0.195321 -0.239733 24.835909 -0.239733 407.970666
1970/01/09 02:42:20 35605 4.018231 1.574004 5.204935 5.527145 -1.091520 45.489690 -1.091520 0.943821 -12.514703 45.489690 -12.514703 447.103030
1970/01/09 02:42:20 35974 4.417377 1.513539 16.249030 1.846660 -0.002591 28.555990 -0.002591 0.195430 -0.206794 28.555990 -0.206794 544.567757
1970/01/09 02:42:21 35605 4.005451 1.551334 5.457781 5.529694 -1.089804 47.870458 -1.089804 0.940011 -13.146400 47.870458 -13.146400 495.208200
1970/01/09 02:42:21 35974 4.433028 1.514614 22.316060 1.803618 0.007301 38.522376 0.007301 0.195797 -0.021771 38.522376 -0.021771 1018.954182
1970/01/09 02:42:22 35605 4.054064 1.519055 8.427896 5.524272 -1.081924 74.998112 -1.081924 0.938198 -20.464183 74.998112 -20.464183 1214.321750
1970/01/09 02:42:22 35974 4.438740 1.518867 35.480460 1.707147 0.027367 58.620546 0.027367 0.196531 0.835187 58.620546 0.835187 2523.512950
1970/01/09 02:42:23 35605 4.092631 1.490128 19.318870 5.325028 -1.017017 173.823945 -1.017017 0.920641 -46.958202 173.823945 -46.958202 6802.599191
1970/01/09 02:42:23 35974 4.405646 1.548987 71.518872 1.456781 0.072421 103.545125 0.072421 0.200445 6.007085 103.545125 6.007085 9633.537651
1970/01/09 02:42:24 35605 4.230940 1.431327 -28.179021 6.730679 -1.410751 -309.963833 -1.410751 1.036849 84.391205 -309.963833 84.391205 16400.330973
1970/01/09 02:42:24 35974 4.599306 1.423214 -47.910282 2.508696 -0.140858 -114.723893 -0.140858 0.207940 7.849205 -114.723893 7.849205 6070.470457
1970/01/09 02:42:25 35605 4.247080 1.398318 -8.790639 6.287353 -1.271024 -100.307901 -1.271024 0.997287 26.945651 -100.307901 26.945651 1856.774439
1970/01/09 02:42:25 35974 4.599437 1.406751 -57.455370 2.623344 -0.168560 -143.882714 -0.168560 0.211190 11.096158 -143.882714 11.096158 9070.750687
1970/01/09 02:42:26 35605 4.272098 1.365401 -6.005097 6.290627 -1.262382 -72.365579 -1.262382 0.995032 19.308033 -72.365579 19.308033 965.446407
1970/01/09 02:42:26 35974 4.598519 1.430496 -33.744001 2.357263 -0.103842 -76.530591 -0.103842 0.204218 4.219034 -76.530591 4.219034 2903.131582
1970/01/09 02:42:27 35605 4.299487 1.324940 -4.055327 6.334696 -1.262969 -53.549627 -1.262969 0.995394 14.177199 -53.549627 14.177199 524.312954
1970/01/09 02:42:27 35974 4.602346 1.432261 -33.297018 2.353856 -0.102800 -75.389013 -0.102800 0.204247 4.122837 -75.389013 4.122837 2821.381373
1970/01/09 02:42:28 35605 4.328082 1.291421 -3.091137 6.397988 -1.270167 -44.567863 -1.270167 0.998377 11.721975 -44.567863 11.721975 358.947180
1970/01/09 02:42:28 35974 4.602346 1.432261 -33.297018 2.353856 -0.102800 -75.389013 -0.102800 0.204247 4.122837 -75.389013 4.122837 2821.381373
1970/01/09 02:42:29 35605 4.068757 1.328086 -11.419680 6.260057 -1.264755 -131.824346 -1.264755 0.973111 35.514794 -131.824346 35.514794 3244.616016
1970/01/09 02:42:29 35974 4.602346 1.432261 -33.297018 2.353856 -0.102800 -75.389013 -0.102800 0.204247 4.122837 -75.389013 4.122837 2821.381373
1970/01/09 02:42:30 35605 3.778257 1.384021 10.549974 5.340189 -1.024017 98.459105 -1.024017 0.885855 -26.813522 98.459105 -26.813522 2209.751660
1970/01/09 02:42:30 35974 4.602346 1.432261 -33.297018 2.353856 -0.102800 -75.389013 -0.102800 0.204247 4.122837 -75.389013 4.122837 2821.381373
1970/01/09 02:42:31 35605 3.383983 1.344990 5.369969 5.178951 -0.989617 50.121113 -0.989617 0.841735 -13.883976 50.121113 -13.883976 608.164087
1970/01/09 02:42:31 35974 4.602346 1.432261 -33.297018 2.353856 -0.102800 -75.389013 -0.102800 0.204247 4.122837 -75.389013 4.122837 2821.381373
1970/01/09 02:42:32 35605 3.045096 1.317190 5.090630 4.944849 -0.930791 48.955033 -0.930791 0.797424 -13.757387 48.955033 -13.757387 629.840231
1970/01/09 02:42:32 35974 4.602346 1.432261 -33.297018 2.353856 -0.102800 -75.389013 -0.102800 0.204247 4.122837 -75.389013 4.122837 2821.381373
1970/01/09 02:42:33 35605 3.223341 1.306480 13.559507 4.839623 -0.892658 138.664578 -0.892658 0.797714 -38.411801 138.664578 -38.411801 5123.490291
1970/01/09 02:42:33 35974 4.601219 1.427320 -37.178577 2.394431 -0.112459 -85.451898 -0.112459 0.205085 4.983821 -85.451898 4.983821 3553.824425
1970/01/09 02:42:34 35605 3.463006 1.273283 -17.072338 5.983085 -1.213195 -220.313539 -1.213195 0.903745 60.948881 -220.313539 60.948881 9815.179199
1970/01/09 02:42:34 35974 4.604952 1.429174 -36.631324 2.389848 -0.111134 -84.014642 -0.111134 0.205080 4.855156 -84.014642 4.855156 3442.299499
1970/01/09 02:42:35 35605 3.522889 1.298716 -15.043881 5.933228 -1.200013 -191.501984 -1.200013 0.906685 52.953057 -191.501984 52.953057 7467.222050
1970/01/09 02:42:35 35974 4.604284 1.423498 -41.344410 2.440550 -0.123263 -96.650571 -0.123263 0.206230 6.010002 -96.650571 6.010002 4446.373499
1970/01/09 02:42:36 35605 3.558615 1.312860 -46.400436 6.936379 -1.499192 -615.164036 -1.499192 0.995707 172.412721 -615.164036 172.412721 63985.089344
1970/01/09 02:42:36 35974 4.604284 1.423498 -41.344410 2.440550 -0.123263 -96.650571 -0.123263 0.206230 6.010002 -96.650571 6.010002 4446.373499
1970/01/09 02:42:37 35605 3.448804 1.378598 29.837379 4.529368 -0.803458 286.470096 -0.803458 0.795550 -78.610701 286.470096 -78.610701 23398.052967
1970/01/09 02:42:37 35974 4.604284 1.423498 -41.344410 2.440550 -0.123263 -96.650571 -0.123263 0.206230 6.010002 -96.650571 6.010002 4446.373499
1970/01/09 02:42:38 35605 3.295710 1.411599 4.541932 5.057761 -0.969212 41.509954 -0.969212 0.834793 -11.672886 41.509954 -11.672886 431.990705
1970/01/09 02:42:38 35974 4.604284 1.423498 -41.344410 2.440550 -0.123263 -96.650571 -0.123263 0.206230 6.010002 -96.650571 6.010002 4446.373499
1970/01/09 02:42:39 35605 3.348470 1.368694 5.418780 5.119185 -0.978236 50.569131 -0.978236 0.837502 -14.087996 50.569131 -14.087996 629.392535
1970/01/09 02:42:39 35974 4.604284 1.423498 -41.344410 2.440550 -0.123263 -96.650571 -0.123263 0.206230 6.010002 -96.650571 6.010002 4446.373499
1970/01/09 02:42:40 35605 3.401613 1.332664 6.231288 5.179187 -0.987418 58.965916 -0.987418 0.841141 -16.289666 58.965916 -16.289666 840.739262
1970/01/09 02:42:40 35974 4.604284 1.423498 -41.344410 2.440550 -0.123263 -96.650571 -0.123263 0.206230 6.010002 -96.650571 6.010002 4446.373499
1970/01/09 02:42:41 35605 3.649841 1.304673 -5.998543 5.771796 -1.144648 -81.554338 -1.144648 0.902039 22.315541 -81.554338 22.315541 1391.357658
1970/01/09 02:42:41 35974 4.607903 1.425472 -40.662543 2.434335 -0.121538 -94.796428 -0.121538 0.206173 5.832428 -94.796428 5.832428 4289.294439
1970/01/09 02:42:42 35605 3.871283 1.283973 -0.669706 5.956768 -1.164429 -25.871583 -1.164429 0.930512 6.911899 -25.871583 6.911899 133.945315
1970/01/09 02:42:42 35974 4.607903 1.425472 -40.662543 2.434335 -0.121538 -94.796428 -0.121538 0.206173 5.832428 -94.796428 5.832428 4289.294439
1970/01/09 02:42:43 35605 4.086486 1.268490 0.429506 6.347065 -1.229908 -17.494816 -1.229908 0.977793 4.555422 -17.494816 4.555422 56.652491
1970/01/09 02:42:43 35974 4.607903 1.425472 -40.662543 2.434335 -0.121538 -94.796428 -0.121538 0.206173 5.832428 -94.796428 5.832428 4289.294439
1970/01/09 02:42:44 35605 4.216919 1.268103 1.043143 6.700982 -1.284762 -14.087912 -1.284762 1.018865 3.590649 -14.087912 3.590649 34.530592
1970/01/09 02:42:44 35974 4.613439 1.419463 -44.537759 2.478603 -0.131659 -105.392717 -0.131659 0.207327 6.846696 -105.392717 6.846696 5191.607483
1970/01/09 02:42:45 35605 4.392848 1.271002 1.531179 7.214520 -1.363721 -12.064631 -1.363721 1.077658 2.991098 -12.064631 2.991098 23.310756
1970/01/09 02:42:45 35974 4.613867 1.411735 -51.569559 2.559217 -0.151252 -125.823197 -0.151252 0.209505 8.989562 -125.823197 8.989562 7131.859431
1970/01/09 02:42:46 35605 4.525722 1.285510 1.909584 7.713317 -1.436227 -10.851655 -1.436227 1.133732 2.624756 -10.851655 2.624756 17.548111
1970/01/09 02:42:46 35974 4.613867 1.411735 -51.569559 2.559217 -0.151252 -125.823197 -0.151252 0.209505 8.989562 -125.823197 8.989562 7131.859431
1970/01/09 02:42:47 35605 4.485070 1.296802 1.830918 7.556626 -1.413189 -11.042315 -1.413189 1.118476 2.691074 -11.042315 2.691074 18.581743
1970/01/09 02:42:47 35974 4.613867 1.411735 -51.569559 2.559217 -0.151252 -125.823197 -0.151252 0.209505 8.989562 -125.823197 8.989562 7131.859431
1970/01/09 02:42:48 35605 4.475686 1.303197 1.782740 7.491499 -1.404304 -11.179327 -1.404304 1.112793 2.733786 -11.179327 2.733786 19.219373
1970/01/09 02:42:48 35974 4.617212 1.414056 -50.497704 2.547967 -0.148263 -122.646714 -0.148263 0.209270 8.638949 -122.646714 8.638949 6809.607884
1970/01/09 02:42:49 35605 4.392861 1.290307 1.999754 7.554723 -1.404159 -10.445069 -1.404159 1.112204 2.540088 -10.445069 2.540088 16.715470
1970/01/09 02:42:49 35974 4.617212 1.414056 -50.497704 2.547967 -0.148263 -122.646714 -0.148263 0.209270 8.638949 -122.646714 8.638949 6809.607884
1970/01/09 02:42:50 35605 4.349618 1.273471 2.253578 7.760518 -1.425273 -9.712887 -1.425273 1.126591 2.334192 -9.712887 2.334192 14.113321
1970/01/09 02:42:50 35974 4.617212 1.414056 -50.497704 2.547967 -0.148263 -122.646714 -0.148263 0.209270 8.638949 -122.646714 8.638949 6809.607884
1970/01/09 02:42:51 35605 4.304500 1.263762 2.464925 7.944420 -1.443528 -9.147788 -1.443528 1.139859 2.176437 -9.147788 2.176437 12.269925
1970/01/09 02:42:51 35974 4.617212 1.414056 -50.497704 2.547967 -0.148263 -122.646714 -0.148263 0.209270 8.638949 -122.646714 8.638949 6809.607884
1970/01/09 02:42:52 35605 4.254127 1.254217 2.705172 8.197315 -1.469800 -8.568329 -1.469800 1.159307 2.013011 -8.568329 2.013011 10.476142
1970/01/09 02:42:52 35974 4.618175 1.404491 -59.619351 2.657937 -0.175393 -150.966249 -0.175393 0.212589 11.898119 -150.966249 11.898119 9829.495559
1970/01/09 02:42:53 35605 4.264063 1.242903 2.986019 8.701468 -1.532216 -8.056173 -1.532216 1.205034 1.853329 -8.056173 1.853329 8.742570
1970/01/09 02:42:53 35974 4.618175 1.404491 -59.619351 2.657937 -0.175393 -150.966249 -0.175393 0.212589 11.898119 -150.966249 11.898119 9829.495559
1970/01/09 02:42:54 35605 4.280384 1.239642 3.228232 9.225545 -1.597488 -7.681381 -1.597488 1.253966 1.733576 -7.681381 1.733576 7.514361
1970/01/09 02:42:54 35974 4.621358 1.407132 -58.184738 2.641539 -0.171070 -146.391387 -0.171070 0.212145 11.342027 -146.391387 11.342027 9307.016952
1970/01/09 02:42:55 35605 4.379831 1.237886 3.539327 10.210928 -1.726189 -7.372388 -1.726189 1.349991 1.614816 -7.372388 1.614816 6.260060
1970/01/09 02:42:55 35974 4.621358 1.407132 -58.184738 2.641539 -0.171070 -146.391387 -0.171070 0.212145 11.342027 -146.391387 11.342027 9307.016952
1970/01/09 02:42:56 35605 3.473921 1.301871 3.116711 7.395029 -1.302041 -6.775317 -1.302041 1.050689 1.638964 -6.775317 1.638964 7.672486
1970/01/09 02:42:56 35974 4.621358 1.407132 -58.184738 2.641539 -0.171070 -146.391387 -0.171070 0.212145 11.342027 -146.391387 11.342027 9307.016952
1970/01/09 02:42:57 35605 15.600195 2.307892 -1.628076 128.417184 -17.881509 15.660533 -17.881509 13.599807 -2.733140 15.660533 -2.733140 2.287471
1970/01/09 02:42:57 35974 4.622419 1.394835 -70.429819 2.799721 -0.210933 -188.071515 -0.210933 0.217566 16.684363 -188.071515 16.684363 14375.686734
1970/01/09 02:42:58 35605 3.523708 0.871260 0.558324 12.579480 -1.955010 5.595266 -1.955010 1.487214 -1.185158 5.595266 -1.185158 3.173271
1970/01/09 02:42:58 35974 4.622419 1.394835 -70.429819 2.799721 -0.210933 -188.071515 -0.210933 0.217566 16.684363 -188.071515 16.684363 14375.686734
1970/01/09 02:42:59 35605 2.364416 0.674893 1.571628 8.253464 -1.324569 4.933055 -1.324569 0.993920 -1.142661 4.933055 -1.142661 4.049924
1970/01/09 02:42:59 35974 4.622419 1.394835 -70.429819 2.799721 -0.210933 -188.071515 -0.210933 0.217566 16.684363 -188.071515 16.684363 14375.686734
1970/01/09 02:43:00 35605 1.467066 0.466539 3.197935 6.300724 -1.006806 5.038224 -1.006806 0.732858 -1.233591 5.038224 -1.233591 6.280023
1970/01/09 02:43:00 35974 4.622419 1.394835 -70.429819 2.799721 -0.210933 -188.071515 -0.210933 0.217566 16.684363 -188.071515 16.684363 14375.686734
1970/01/09 02:43:01 35605 0.781416 0.293591 4.795112 5.798993 -0.891424 5.137126 -0.891424 0.628272 -1.271482 5.137126 -1.271482 8.387582
1970/01/09 02:43:01 35974 4.624800 1.381451 -85.553893 3.019877 -0.268027 -247.874250 -0.268027 0.226504 25.462311 -247.874250 25.462311 22920.094528
1970/01/09 02:43:02 35605 -0.098256 -0.085215 10.299487 5.848981 -0.838333 6.143037 -0.838333 0.538585 -1.453972 6.143037 -1.453972 16.487209
1970/01/09 02:43:02 35974 4.624800 1.381451 -85.553893 3.019877 -0.268027 -247.874250 -0.268027 0.226504 25.462311 -247.874250 25.462311 22920.094528
1970/01/09 02:43:03 35605 -0.881606 -0.111238 8.640252 5.919867 -0.789851 2.670266 -0.789851 0.512004 -0.780425 2.670266 -0.780425 8.309710
1970/01/09 02:43:03 35974 4.624800 1.381451 -85.553893 3.019877 -0.268027 -247.874250 -0.268027 0.226504 25.462311 -247.874250 25.462311 22920.094528
1970/01/09 02:43:04 35605 -1.680507 -0.144133 6.874797 6.235565 -0.774632 0.004557 -0.774632 0.510250 -0.302893 0.004557 -0.302893 4.203489
1970/01/09 02:43:04 35974 4.624800 1.381451 -85.553893 3.019877 -0.268027 -247.874250 -0.268027 0.226504 25.462311 -247.874250 25.462311 22920.094528
1970/01/09 02:43:05 35605 -3.644620 -0.233740 3.290111 9.101428 -1.042248 -2.822913 -1.042248 0.742388 0.111402 -2.822913 0.111402 1.926618
1970/01/09 02:43:05 35974 4.624800 1.381451 -85.553893 3.019877 -0.268027 -247.874250 -0.268027 0.226504 25.462311 -247.874250 25.462311 22920.094528
1970/01/09 02:43:06 35605 -8.008211 -1.012062 1.340235 26.992453 -3.387464 -6.060274 -3.387464 2.534940 0.390402 -6.060274 0.390402 1.865449
1970/01/09 02:43:06 35974 4.624800 1.381451 -85.553893 3.019877 -0.268027 -247.874250 -0.268027 0.226504 25.462311 -247.874250 25.462311 22920.094528
1970/01/09 02:43:07 35605 -19.148803 -3.693327 2.194148 86.008256 -11.354032 -15.350266 -11.354032 8.570151 1.275277 -15.350266 1.275277 3.187965
1970/01/09 02:43:07 35974 4.631615 1.385818 -79.310956 2.926432 -0.242804 -221.462035 -0.242804 0.222568 21.403862 -221.462035 21.403862 18952.797310
1970/01/09 02:43:08 35605 -67.115567 -13.749206 3.549028 634.710871 -86.574784 -50.926213 -86.574784 65.672189 4.729140 -50.926213 4.729140 4.516016
1970/01/09 02:43:08 35974 4.634781 1.389401 -76.799307 2.892028 -0.233592 -211.741423 -0.233592 0.221252 19.971975 -211.741423 19.971975 17556.258218
1970/01/09 02:43:09 35605 -1344.810539 -270.324824 -3.385383 165921.893691 -22776.761775 1276.196218 -22776.761775 17294.464517 -143.328954 1276.196218 -143.328954 10.220933
1970/01/09 02:43:09 35974 4.588824 1.339887 -130.992112 3.979786 -0.540421 -535.633806 -0.540421 0.280694 80.580456 -535.633806 80.580456 78801.114665
1970/01/09 02:43:10 35605 -200.787394 -40.889555 -4.985987 3212.594259 -440.155795 182.941837 -440.155795 334.208129 -19.530875 182.941837 -19.530875 10.864574
1970/01/09 02:43:10 35974 4.588824 1.339887 -130.992112 3.979786 -0.540421 -535.633806 -0.540421 0.280694 80.580456 -535.633806 80.580456 78801.114665
1970/01/09 02:43:11 35605 -103.065042 -19.587982 -8.641250 755.255765 -102.650187 109.098630 -102.650187 77.919024 -11.928938 109.098630 -11.928938 16.234527
1970/01/09 02:43:11 35974 4.627508 1.364457 -99.951526 3.265069 -0.333084 -316.450364 -0.333084 0.237972 36.805191 -316.450364 36.805191 34219.796477
1970/01/09 02:43:12 35605 -92.094521 -16.488348 -13.495981 522.843753 -70.543172 111.635352 -70.543172 53.538821 -12.450079 111.635352 -12.450079 24.344702
1970/01/09 02:43:12 35974 4.627508 1.364457 -99.951526 3.265069 -0.333084 -316.450364 -0.333084 0.237972 36.805191 -316.450364 36.805191 34219.796477
1970/01/09 02:43:13 35605 -90.584147 -15.486746 -17.838474 457.118258 -61.352581 121.165228 -61.352581 46.562371 -13.661325 121.165228 -13.661325 32.656357
1970/01/09 02:43:13 35974 4.627508 1.364457 -99.951526 3.265069 -0.333084 -316.450364 -0.333084 0.237972 36.805191 -316.450364 36.805191 34219.796477
1970/01/09 02:43:14 35605 -94.474528 -15.499578 -23.009321 447.382214 -59.831608 138.223140 -59.831608 45.411714 -15.735596 138.223140 -15.735596 43.280215
1970/01/09 02:43:14 35974 4.627508 1.364457 -99.951526 3.265069 -0.333084 -316.450364 -0.333084 0.237972 36.805191 -316.450364 36.805191 34219.796477
1970/01/09 02:43:15 35605 -102.256372 -16.036691 -30.537680 462.455173 -61.652211 166.135232 -61.652211 46.801477 -19.102817 166.135232 -19.102817 60.308483
1970/01/09 02:43:15 35974 4.632100 1.369161 -96.121211 3.199878 -0.314947 -297.283174 -0.314947 0.234802 33.473163 -297.283174 33.473163 30883.822617
1970/01/09 02:43:16 35605 -107.862896 -16.502175 -35.092340 481.860648 -64.175394 184.481728 -64.175394 48.723637 -21.319914 184.481728 -21.319914 71.282961
1970/01/09 02:43:16 35974 4.632100 1.369161 -96.121211 3.199878 -0.314947 -297.283174 -0.314947 0.234802 33.473163 -297.283174 33.473163 30883.822617
1970/01/09 02:43:17 35605 -114.035322 -17.105248 -39.955326 505.968069 -67.340507 204.783817 -67.340507 51.132996 -23.771773 204.783817 -23.771773 83.567923
1970/01/09 02:43:17 35974 4.632100 1.369161 -96.121211 3.199878 -0.314947 -297.283174 -0.314947 0.234802 33.473163 -297.283174 33.473163 30883.822617
1970/01/09 02:43:18 35605 -121.561391 -17.835724 -45.424234 538.848217 -71.698936 228.761632 -71.698936 54.451066 -26.680622 228.761632 -26.680622 97.834778
1970/01/09 02:43:18 35974 4.594944 1.340854 -127.621673 3.897231 -0.514780 -508.510691 -0.514780 0.274989 74.598827 -508.510691 74.598827 72663.722551
1970/01/09 02:43:19 35605 -124.324626 -18.230552 -46.751702 553.924634 -73.732535 235.693062 -73.732535 55.996217 -27.521116 235.693062 -27.521116 101.010258
1970/01/09 02:43:19 35974 4.594944 1.340854 -127.621673 3.897231 -0.514780 -508.510691 -0.514780 0.274989 74.598827 -508.510691 74.598827 72663.722551
1970/01/09 02:43:20 35605 -126.303545 -18.522584 -47.942697 563.985092 -75.081027 241.433125 -75.081027 57.020528 -28.213099 241.433125 -28.213099 104.084907
1970/01/09 02:43:20 35974 4.594944 1.340854 -127.621673 3.897231 -0.514780 -508.510691 -0.514780 0.274989 74.598827 -508.510691 74.598827 72663.722551
1970/01/09 02:43:21 35605 -127.484746 -18.710351 -48.991336 568.920314 -75.729501 245.929652 -75.729501 57.512655 -28.749821 245.929652 -28.749821 107.048429
1970/01/09 02:43:21 35974 4.221886 1.354042 -120.020851 6.114768 -1.272837 -1320.339467 -1.272837 0.482004 292.631984 -1320.339467 292.631984 301826.012725
1970/01/09 02:43:22 35605 -128.920729 -18.918858 -50.263067 574.947914 -76.522073 251.399734 -76.522073 58.114581 -29.404774 251.399734 -29.404774 110.675125
1970/01/09 02:43:22 35974 4.351550 1.337941 -136.873957 5.570233 -1.068307 -1099.899000 -1.068307 0.419548 226.126726 -1099.899000 226.126726 231240.179832
1970/01/09 02:43:23 35605 -130.167491 -19.116587 -51.347826 580.345581 -77.233519 256.119933 -77.233519 58.654544 -29.968540 256.119933 -29.968540 113.789056
1970/01/09 02:43:23 35974 4.351550 1.337941 -136.873957 5.570233 -1.068307 -1099.899000 -1.068307 0.419548 226.126726 -1099.899000 226.126726 231240.179832
1970/01/09 02:43:24 35605 -132.623567 -19.531344 -52.614363 593.898846 -79.060663 262.738803 -79.060663 60.041427 -30.764874 262.738803 -30.764874 117.000286
1970/01/09 02:43:24 35974 4.351550 1.337941 -136.873957 5.570233 -1.068307 -1099.899000 -1.068307 0.419548 226.126726 -1099.899000 226.126726 231240.179832
1970/01/09 02:43:25 35605 -135.357244 -19.970803 -54.118012 608.717123 -81.055409 270.433637 -81.055409 61.555969 -31.692158 270.433637 -31.692158 120.920268
1970/01/09 02:43:25 35974 1.808934 2.227042 814.629066 6.861634 -2.597064 -2816.112488 -2.597064 1.238175 1124.387398 -2816.112488 1124.387398 1215804.987858
1970/01/09 02:43:26 35605 -136.061575 -20.212380 -54.376464 613.291169 -81.676559 272.088477 -81.676559 62.024852 -31.879984 272.088477 -31.879984 121.491550
1970/01/09 02:43:26 35974 1.808934 2.227042 814.629066 6.861634 -2.597064 -2816.112488 -2.597064 1.238175 1124.387398 -2816.112488 1124.387398 1215804.987858
1970/01/09 02:43:27 35605 -138.001538 -20.486757 -55.203729 624.542823 -83.200028 276.799534 -83.200028 63.182573 -32.454800 276.799534 -32.454800 123.460913
1970/01/09 02:43:27 35974 3.814401 1.831668 414.249501 0.357246 0.060029 60.748526 0.060029 0.351692 176.863678 60.748526 176.863678 203815.347007
1970/01/09 02:43:28 35605 -139.599937 -20.656237 -56.041638 633.202488 -84.367276 281.161672 -84.367276 64.070788 -32.990457 281.161672 -32.990457 125.630638
1970/01/09 02:43:28 35974 3.652259 1.897909 484.288181 0.340757 -0.012901 -23.055561 -0.012901 0.400901 231.168974 -23.055561 231.168974 263832.960752
1970/01/09 02:43:29 35605 -141.575663 -20.934731 -56.884740 644.742753 -85.930140 285.997345 -85.930140 65.258463 -33.580925 285.997345 -33.580925 127.653629
1970/01/09 02:43:29 35974 3.652259 1.897909 484.288181 0.340757 -0.012901 -23.055561 -0.012901 0.400901 231.168974 -23.055561 231.168974 263832.960752
1970/01/09 02:43:30 35605 -142.698523 -21.068403 -57.285769 651.510285 -86.849227 288.489549 -86.849227 65.957473 -33.889253 288.489549 -33.889253 128.534329
1970/01/09 02:43:30 35974 3.006184 2.115510 718.082432 0.825491 -0.444450 -504.419846 -0.444450 0.617268 467.603145 -504.419846 467.603145 522169.630168
1970/01/09 02:43:31 35605 -144.197256 -21.312142 -57.685617 661.183318 -88.167440 291.427052 -88.167440 66.958583 -34.248668 291.427052 -34.248668 129.242954
1970/01/09 02:43:31 35974 3.006184 2.115510 718.082432 0.825491 -0.444450 -504.419846 -0.444450 0.617268 467.603145 -504.419846 467.603145 522169.630168
1970/01/09 02:43:32 35605 -145.335737 -21.447509 -58.090235 668.096213 -89.106431 293.959831 -89.106431 67.672720 -34.562112 293.959831 -34.562112 130.134017
1970/01/09 02:43:32 35974 3.006184 2.115510 718.082432 0.825491 -0.444450 -504.419846 -0.444450 0.617268 467.603145 -504.419846 467.603145 522169.630168
1970/01/09 02:43:33 35605 -146.857486 -21.694733 -58.493803 677.995735 -90.455682 296.950036 -90.455682 68.697410 -34.928040 296.950036 -34.928040 130.852689
1970/01/09 02:43:33 35974 3.006184 2.115510 718.082432 0.825491 -0.444450 -504.419846 -0.444450 0.617268 467.603145 -504.419846 467.603145 522169.630168
1970/01/09 02:43:34 35605 -151.158302 -21.898993 -60.283856 702.676328 -93.799685 307.264845 -93.799685 71.247237 -36.232779 307.264845 -36.232779 135.154836
1970/01/09 02:43:34 35974 4.137870 1.697302 269.791922 0.604154 0.142990 161.801739 0.142990 0.267768 82.680256 161.801739 82.680256 98568.175439
1970/01/09 02:43:35 35605 -154.774316 -21.874765 -62.117901 721.974120 -96.403599 316.965473 -96.403599 73.237404 -37.473317 316.965473 -37.473317 139.951222
1970/01/09 02:43:35 35974 4.335165 1.602448 166.353229 0.972289 0.137261 164.399637 0.137261 0.225100 33.719532 164.399637 33.719532 42643.569240
1970/01/09 02:43:36 35605 -158.355786 -21.755303 -64.239721 739.982163 -98.823394 327.594977 -98.823394 75.089684 -38.835545 327.594977 -38.835545 145.824985
1970/01/09 02:43:36 35974 4.335165 1.602448 166.353229 0.972289 0.137261 164.399637 0.137261 0.225100 33.719532 164.399637 33.719532 42643.569240
1970/01/09 02:43:37 35605 -161.458602 -21.591537 -65.915478 756.097111 -100.995010 336.302688 -100.995010 76.752912 -39.965920 336.302688 -39.965920 150.378283
1970/01/09 02:43:37 35974 4.318157 1.615458 179.135607 0.919182 0.141290 167.711130 0.141290 0.229491 38.685780 167.711130 38.685780 48404.355724
1970/01/09 02:43:38 35605 -169.328232 -20.015671 -71.203453 791.354166 -105.708649 361.484360 -105.708649 80.394672 -43.348819 361.484360 -43.348819 165.901218
1970/01/09 02:43:38 35974 4.318157 1.615458 179.135607 0.919182 0.141290 167.711130 0.141290 0.229491 38.685780 167.711130 38.685780 48404.355724
1970/01/09 02:43:39 35605 -177.224680 -18.412005 -76.621918 827.493513 -110.543100 387.609466 -110.543100 84.131162 -46.881769 387.609466 -46.881769 182.320844
1970/01/09 02:43:39 35974 4.318157 1.615458 179.135607 0.919182 0.141290 167.711130 0.141290 0.229491 38.685780 167.711130 38.685780 48404.355724
1970/01/09 02:43:40 35605 -186.325738 -16.751563 -82.615185 871.583567 -116.458856 417.535038 -116.458856 88.696068 -50.945137 417.535038 -50.945137 200.758751
1970/01/09 02:43:40 35974 4.318157 1.615458 179.135607 0.919182 0.141290 167.711130 0.141290 0.229491 38.685780 167.711130 38.685780 48404.355724
1970/01/09 02:43:41 35605 -192.770407 -14.819275 -86.910919 901.729411 -120.502142 438.840278 -120.502142 91.836827 -53.962084 438.840278 -53.962084 214.276020
1970/01/09 02:43:41 35974 4.318157 1.615458 179.135607 0.919182 0.141290 167.711130 0.141290 0.229491 38.685780 167.711130 38.685780 48404.355724
1970/01/09 02:43:42 35605 -193.510985 -13.160641 -88.903814 898.397934 -120.000952 445.868894 -120.000952 91.503391 -55.076632 445.868894 -55.076632 221.968866
1970/01/09 02:43:42 35974 4.297200 1.630302 193.914855 0.861130 0.144783 170.285811 0.144783 0.234851 44.747123 170.285811 44.747123 55398.717376
1970/01/09 02:43:43 35605 -194.407257 -11.527008 -90.961293 896.427037 -119.685568 453.372481 -119.685568 91.312520 -56.259925 453.372481 -56.259925 229.961939
1970/01/09 02:43:43 35974 4.297200 1.630302 193.914855 0.861130 0.144783 170.285811 0.144783 0.234851 44.747123 170.285811 44.747123 55398.717376
1970/01/09 02:43:44 35605 -195.453823 -9.913690 -93.084684 895.741633 -119.545674 461.351126 -119.545674 91.256404 -57.512782 461.351126 -57.512782 238.264693
1970/01/09 02:43:44 35974 4.409893 1.566772 125.869416 1.169909 0.117507 146.746113 0.117507 0.213209 19.450167 146.746113 19.450167 25886.776625
1970/01/09 02:43:45 35605 -196.331097 -8.241921 -95.304121 893.920226 -119.248131 469.520270 -119.248131 91.083762 -58.805851 469.520270 -58.805851 247.235120
1970/01/09 02:43:45 35974 4.409893 1.566772 125.869416 1.169909 0.117507 146.746113 0.117507 0.213209 19.450167 146.746113 19.450167 25886.776625
1970/01/09 02:43:46 35605 -197.858539 -8.557691 -94.331438 907.058210 -121.074455 467.829445 -121.074455 92.460298 -58.574749 467.829445 -58.574749 241.914033
1970/01/09 02:43:46 35974 4.457214 1.535156 92.687084 1.354064 0.092735 122.967695 0.092735 0.205677 10.348564 122.967695 10.348564 14887.553745
1970/01/09 02:43:47 35605 -199.487599 -8.883282 -93.377904 921.147885 -123.031165 466.359995 -123.031165 93.936033 -58.371944 466.359995 -58.371944 236.731202
1970/01/09 02:43:47 35974 4.457214 1.535156 92.687084 1.354064 0.092735 122.967695 0.092735 0.205677 10.348564 122.967695 10.348564 14887.553745
1970/01/09 02:43:48 35605 -198.153815 -9.152332 -90.269923 919.581217 -122.887309 453.737061 -122.887309 93.805770 -56.726786 453.737061 -56.726786 224.498521
1970/01/09 02:43:48 35974 4.457214 1.535156 92.687084 1.354064 0.092735 122.967695 0.092735 0.205677 10.348564 122.967695 10.348564 14887.553745
1970/01/09 02:43:49 35605 -197.322557 -9.321322 -87.524833 920.932631 -123.136887 443.039018 -123.136887 93.979073 -55.347930 443.039018 -55.347930 213.746349
1970/01/09 02:43:49 35974 4.456256 1.540191 96.751285 1.331748 0.096154 126.349865 0.096154 0.206573 11.304136 126.349865 11.304136 16064.456132
1970/01/09 02:43:50 35605 -195.663787 -9.453130 -84.636100 917.039572 -122.670210 430.964638 -122.670210 93.607863 -53.788543 430.964638 -53.788543 203.137637
1970/01/09 02:43:50 35974 4.456256 1.540191 96.751285 1.331748 0.096154 126.349865 0.096154 0.206573 11.304136 126.349865 11.304136 16064.456132
1970/01/09 02:43:51 35605 -194.948366 -9.693161 -82.109237 919.621350 -123.084899 421.391672 -123.084899 93.906226 -52.544606 421.391672 -52.544606 193.691496
1970/01/09 02:43:51 35974 4.456256 1.540191 96.751285 1.331748 0.096154 126.349865 0.096154 0.206573 11.304136 126.349865 11.304136 16064.456132
1970/01/09 02:43:52 35605 -195.778360 -9.936316 -81.113427 929.325718 -124.441591 418.991848 -124.441591 94.928082 -52.224763 418.991848 -52.224763 189.503107
1970/01/09 02:43:52 35974 4.482645 1.519716 75.788112 1.458958 0.076695 107.230085 0.076695 0.202811 6.644578 107.230085 6.644578 10260.532067
1970/01/09 02:43:53 35605 -189.985034 -10.605217 -77.593305 898.977266 -120.356405 400.598914 -120.356405 91.789367 -49.740875 400.598914 -49.740875 179.117987
1970/01/09 02:43:53 35974 4.480023 1.524271 81.992933 1.421812 0.082898 113.343654 0.082898 0.203969 7.913550 113.343654 7.913550 11851.113477
1970/01/09 02:43:54 35605 -183.986041 -11.167532 -74.201800 866.871998 -116.027941 382.565273 -116.027941 88.468615 -47.320624 382.565273 -47.320624 169.442743
1970/01/09 02:43:54 35974 4.480023 1.524271 81.992933 1.421812 0.082898 113.343654 0.082898 0.203969 7.913550 113.343654 7.913550 11851.113477
1970/01/09 02:43:55 35605 -178.188211 -11.709539 -70.922084 836.251973 -111.901773 365.330621 -111.901773 85.302723 -45.013615 365.330621 -45.013615 160.216236
1970/01/09 02:43:55 35974 4.480023 1.524271 81.992933 1.421812 0.082898 113.343654 0.082898 0.203969 7.913550 113.343654 7.913550 11851.113477
1970/01/09 02:43:56 35605 -173.184114 -12.262072 -68.263873 809.774599 -108.329905 351.248162 -108.329905 82.560950 -43.116560 351.248162 -43.116560 152.979391
1970/01/09 02:43:56 35974 4.480439 1.528522 85.194567 1.403670 0.085871 116.321164 0.085871 0.204625 8.582413 116.321164 8.582413 12689.683700
1970/01/09 02:43:57 35605 -167.808923 -11.193554 -67.853163 769.778612 -102.847284 343.435757 -102.847284 78.410965 -42.185480 343.435757 -42.185480 153.840456
1970/01/09 02:43:57 35974 4.480439 1.528522 85.194567 1.403670 0.085871 116.321164 0.085871 0.204625 8.582413 116.321164 8.582413 12689.683700
1970/01/09 02:43:58 35605 -162.713829 -10.184568 -67.459667 732.775942 -97.775271 336.101482 -97.775271 74.573052 -41.311776 336.101482 -41.311776 154.771705
1970/01/09 02:43:58 35974 4.482682 1.524038 83.874873 1.412092 0.084666 115.052805 0.084666 0.204383 8.296127 115.052805 8.296127 12317.965616
1970/01/09 02:43:59 35605 -158.194598 -9.245589 -67.341640 699.982784 -93.274377 330.419501 -93.274377 71.170178 -40.644451 330.419501 -40.644451 156.579815
1970/01/09 02:43:59 35974 4.482682 1.524038 83.874873 1.412092 0.084666 115.052805 0.084666 0.204383 8.296127 115.052805 8.296127 12317.965616
1970/01/09 02:44:00 35605 -153.254528 -7.361754 -69.009804 659.231986 -87.636814 329.881877 -87.636814 66.936559 -40.728274 329.881877 -40.728274 165.673882
1970/01/09 02:44:00 35974 4.482682 1.524038 83.874873 1.412092 0.084666 115.052805 0.084666 0.204383 8.296127 115.052805 8.296127 12317.965616
1970/01/09 02:44:01 35605 -149.128243 -5.637497 -70.808314 625.957165 -83.023406 330.907961 -83.023406 63.483270 -41.010562 330.907961 -41.010562 175.523314
1970/01/09 02:44:01 35974 4.501274 1.507897 67.678785 1.514412 0.068193 98.717486 0.068193 0.201849 5.118441 98.717486 5.118441 8282.461113
1970/01/09 02:44:02 35605 -146.049719 -4.053544 -73.020244 600.497131 -79.473908 334.688107 -79.473908 60.841921 -41.646988 334.688107 -41.646988 187.121963
1970/01/09 02:44:02 35974 4.503220 1.511238 69.879163 1.501565 0.070496 101.061971 0.070496 0.202265 5.497146 101.061971 5.497146 8773.375599
1970/01/09 02:44:03 35605 -137.042244 -2.444275 -70.338325 547.939666 -72.323115 315.822183 -72.323115 55.441419 -39.367543 315.822183 -39.367543 182.602199
1970/01/09 02:44:03 35974 4.503220 1.511238 69.879163 1.501565 0.070496 101.061971 0.070496 0.202265 5.497146 101.061971 5.497146 8773.375599
1970/01/09 02:44:04 35605 -125.057188 -2.276075 -64.215480 486.490629 -64.034317 283.605331 -64.034317 49.111932 -35.163744 283.605331 -35.163744 165.900698
1970/01/09 02:44:04 35974 4.503220 1.511238 69.879163 1.501565 0.070496 101.061971 0.070496 0.202265 5.497146 101.061971 5.497146 8773.375599
1970/01/09 02:44:05 35605 -113.838092 -2.112541 -58.445337 430.638664 -56.509069 254.095133 -56.509069 43.364023 -31.322692 254.095133 -31.322692 150.498482
1970/01/09 02:44:05 35974 4.503220 1.511238 69.879163 1.501565 0.070496 101.061971 0.070496 0.202265 5.497146 101.061971 5.497146 8773.375599
1970/01/09 02:44:06 35605 -103.645586 -1.961839 -53.249522 381.299176 -49.866965 228.138777 -49.866965 38.289681 -27.950400 228.138777 -27.950400 137.074163
1970/01/09 02:44:06 35974 4.503220 1.511238 69.879163 1.501565 0.070496 101.061971 0.070496 0.202265 5.497146 101.061971 5.497146 8773.375599
1970/01/09 02:44:07 35605 -93.265576 -1.721796 -47.673589 332.702370 -43.341353 201.419011 -43.341353 33.304215 -24.506651 201.419011 -24.506651 122.514485
1970/01/09 02:44:07 35974 4.503220 1.511238 69.879163 1.501565 0.070496 101.061971 0.070496 0.202265 5.497146 101.061971 5.497146 8773.375599
1970/01/09 02:44:08 35605 -84.059966 -1.541676 -42.664997 291.049661 -37.758382 178.206420 -37.758382 29.035942 -21.520510 178.206420 -21.520510 109.690079
1970/01/09 02:44:08 35974 4.503220 1.511238 69.879163 1.501565 0.070496 101.061971 0.070496 0.202265 5.497146 101.061971 5.497146 8773.375599
1970/01/09 02:44:09 35605 -75.536844 -1.371994 -38.001080 253.691950 -32.759931 157.229177 -32.759931 25.213121 -18.831279 157.229177 -18.831279 98.023373
1970/01/09 02:44:09 35974 4.504973 1.514711 72.223811 1.487936 0.072907 103.509679 0.072907 0.202713 5.913039 103.509679 5.913039 9309.323607
1970/01/09 02:44:10 35605 -66.493650 -1.151995 -32.819666 215.514042 -27.669588 134.884384 -27.669588 21.318409 -15.989430 134.884384 -15.989430 84.999466
1970/01/09 02:44:10 35974 4.524606 1.492725 51.164524 1.628139 0.048818 79.369424 0.048818 0.200083 2.561073 79.369424 2.561073 4881.697364
1970/01/09 02:44:11 35605 -58.287555 -0.952090 -28.100141 182.150566 -23.232963 115.221103 -23.232963 17.922076 -13.501131 115.221103 -13.501131 73.464746
1970/01/09 02:44:11 35974 4.524606 1.492725 51.164524 1.628139 0.048818 79.369424 0.048818 0.200083 2.561073 79.369424 2.561073 4881.697364
1970/01/09 02:44:12 35605 -50.763672 -0.746345 -23.833147 152.629981 -19.316358 97.955437 -19.316358 14.923681 -11.328422 97.955437 -11.328422 63.449873
1970/01/09 02:44:12 35974 4.524606 1.492725 51.164524 1.628139 0.048818 79.369424 0.048818 0.200083 2.561073 79.369424 2.561073 4881.697364
1970/01/09 02:44:13 35605 -44.117424 -0.586380 -19.975820 127.650760 -16.016627 82.961027 -16.016627 12.394295 -9.453235 82.961027 -9.453235 54.504506
1970/01/09 02:44:13 35974 4.524606 1.492725 51.164524 1.628139 0.048818 79.369424 0.048818 0.200083 2.561073 79.369424 2.561073 4881.697364
1970/01/09 02:44:14 35605 -38.840719 -0.463390 -17.252809 108.316928 -13.457611 72.414713 -13.457611 10.433983 -8.128390 72.414713 -8.128390 49.011097
1970/01/09 02:44:14 35974 4.524606 1.492725 51.164524 1.628139 0.048818 79.369424 0.048818 0.200083 2.561073 79.369424 2.561073 4881.697364
1970/01/09 02:44:15 35605 -32.036410 -0.534685 -13.815552 84.770181 -10.350728 59.700718 -10.350728 8.039231 -6.510888 59.700718 -6.510888 42.673413
1970/01/09 02:44:15 35974 4.524606 1.492725 51.164524 1.628139 0.048818 79.369424 0.048818 0.200083 2.561073 79.369424 2.561073 4881.697364
1970/01/09 02:44:16 35605 -26.257339 -0.550601 -10.883925 65.741019 -7.855279 49.266169 -7.855279 6.112999 -5.194344 49.266169 -5.194344 37.587666
1970/01/09 02:44:16 35974 4.530410 1.496821 55.392185 1.602211 0.053961 84.574541 0.053961 0.200785 3.130344 84.574541 3.130344 5652.510633
1970/01/09 02:44:17 35605 -21.485234 -0.540589 -8.429054 50.798421 -5.912789 40.836998 -5.912789 4.609502 -4.139808 40.836998 -4.139808 33.549671
1970/01/09 02:44:17 35974 4.530410 1.496821 55.392185 1.602211 0.053961 84.574541 0.053961 0.200785 3.130344 84.574541 3.130344 5652.510633
1970/01/09 02:44:18 35605 -19.146280 -0.317171 -7.745679 43.226768 -4.913229 38.115288 -4.913229 3.854523 -3.772138 38.115288 -3.772138 34.392963
1970/01/09 02:44:18 35974 4.535850 1.488549 47.864782 1.654205 0.044634 75.159652 0.044634 0.200012 2.140002 75.159652 2.140002 4289.018415
1970/01/09 02:44:19 35605 -17.071323 -0.139610 -7.152543 36.775781 -4.068472 35.846309 -4.068472 3.216233 -3.450135 35.846309 -3.450135 35.813364
1970/01/09 02:44:19 35974 4.535850 1.488549 47.864782 1.654205 0.044634 75.159652 0.044634 0.200012 2.140002 75.159652 2.140002 4289.018415
1970/01/09 02:44:20 35605 -15.384390 0.012040 -6.739098 31.677990 -3.406031 34.275266 -3.406031 2.717845 -3.204354 34.275266 -3.204354 38.074452
1970/01/09 02:44:20 35974 4.535850 1.488549 47.864782 1.654205 0.044634 75.159652 0.044634 0.200012 2.140002 75.159652 2.140002 4289.018415
1970/01/09 02:44:21 35605 -13.148822 0.151639 -5.696656 25.329596 -2.614090 30.648893 -2.614090 2.113606 -2.729842 30.648893 -2.729842 38.255934
1970/01/09 02:44:21 35974 4.535850 1.488549 47.864782 1.654205 0.044634 75.159652 0.044634 0.200012 2.140002 75.159652 2.140002 4289.018415
1970/01/09 02:44:22 35605 -10.809990 0.357763 -5.693863 18.773014 -1.795288 30.454573 -1.795288 1.503251 -2.494175 30.454573 -2.494175 51.285555
1970/01/09 02:44:22 35974 4.538787 1.481907 42.138536 1.694661 0.037166 67.584399 0.037166 0.199502 1.495124 67.584399 1.495124 3365.525682
1970/01/09 02:44:23 35605 -9.151313 0.512292 -6.987575 14.385869 -1.271299 35.326111 -1.271299 1.118941 -2.624840 35.326111 -2.624840 90.874846
1970/01/09 02:44:23 35974 4.542511 1.484052 43.016186 1.689720 0.038269 68.754905 0.038269 0.199690 1.582891 68.754905 1.582891 3494.810108
1970/01/09 02:44:24 35605 -7.965167 0.649877 -13.108124 11.479769 -0.941893 61.306582 -0.941893 0.890909 -4.068391 61.306582 -4.068391 347.614114
1970/01/09 02:44:24 35974 4.543649 1.481898 38.614450 1.720984 0.032258 62.734007 0.032258 0.199347 1.137980 62.734007 1.137980 2844.368976
1970/01/09 02:44:25 35605 -6.917290 0.672253 -85.826926 8.705264 -0.606639 361.915492 -0.606639 0.731359 -17.248824 361.915492 -17.248824 16491.875936
1970/01/09 02:44:25 35974 4.543649 1.481898 38.614450 1.720984 0.032258 62.734007 0.032258 0.199347 1.137980 62.734007 1.137980 2844.368976
1970/01/09 02:44:26 35605 -6.210621 0.772378 10.672159 8.468103 -0.699847 -47.719569 -0.699847 0.660418 2.840734 -47.719569 2.840734 302.170413
1970/01/09 02:44:26 35974 4.543649 1.481898 38.614450 1.720984 0.032258 62.734007 0.032258 0.199347 1.137980 62.734007 1.137980 2844.368976
1970/01/09 02:44:27 35605 -5.470520 0.834189 3.728559 7.476836 -0.627460 -18.180368 -0.627460 0.611465 0.964490 -18.180368 0.964490 52.605884
1970/01/09 02:44:27 35974 4.544022 1.476994 34.808575 1.748519 0.026976 57.339764 0.026976 0.199066 0.805108 57.339764 0.805108 2330.459947
1970/01/09 02:44:28 35605 -4.915601 0.898236 1.582220 6.976076 -0.606872 -10.417330 -0.606872 0.598488 0.494235 -10.417330 0.494235 19.827025
1970/01/09 02:44:28 35974 4.544022 1.476994 34.808575 1.748519 0.026976 57.339764 0.026976 0.199066 0.805108 57.339764 0.805108 2330.459947
1970/01/09 02:44:29 35605 -4.387147 0.884352 0.671219 6.620115 -0.604677 -7.125365 -0.604677 0.585044 0.294125 -7.125365 0.294125 10.814887
1970/01/09 02:44:29 35974 4.544022 1.476994 34.808575 1.748519 0.026976 57.339764 0.026976 0.199066 0.805108 57.339764 0.805108 2330.459947
1970/01/09 02:44:30 35605 -3.863480 0.875572 0.032535 6.350199 -0.612056 -4.959406 -0.612056 0.580055 0.153917 -4.959406 0.153917 6.387257
1970/01/09 02:44:30 35974 4.548051 1.478897 35.416016 1.745380 0.027770 58.200889 0.027770 0.199225 0.852133 58.200889 0.852133 2405.656369
1970/01/09 02:44:31 35605 -3.343426 0.866053 -0.421508 6.144413 -0.626434 -3.427579 -0.626434 0.580618 0.043685 -3.427579 0.043685 4.057002
1970/01/09 02:44:31 35974 4.548051 1.478897 35.416016 1.745380 0.027770 58.200889 0.027770 0.199225 0.852133 58.200889 0.852133 2405.656369
1970/01/09 02:44:32 35605 -2.565068 0.872833 -0.879648 5.899211 -0.654399 -1.748546 -0.654399 0.590102 -0.102354 -1.748546 -0.102354 2.354736
1970/01/09 02:44:32 35974 4.548051 1.478897 35.416016 1.745380 0.027770 58.200889 0.027770 0.199225 0.852133 58.200889 0.852133 2405.656369
1970/01/09 02:44:33 35605 -1.813904 0.883720 -1.143303 5.737149 -0.690013 -0.504869 -0.690013 0.606814 -0.239819 -0.504869 -0.239819 1.739641
1970/01/09 02:44:33 35974 4.548051 1.478897 35.416016 1.745380 0.027770 58.200889 0.027770 0.199225 0.852133 58.200889 0.852133 2405.656369
1970/01/09 02:44:34 35605 -1.070941 0.887383 -1.236531 5.622243 -0.730699 0.566697 -0.730699 0.626547 -0.390549 0.566697 -0.390549 1.737411
1970/01/09 02:44:34 35974 4.548051 1.478897 35.416016 1.745380 0.027770 58.200889 0.027770 0.199225 0.852133 58.200889 0.852133 2405.656369
1970/01/09 02:44:35 35605 -0.569141 0.888451 -1.334520 5.652088 -0.772741 1.252753 -0.772741 0.650831 -0.499258 1.252753 -0.499258 1.922117
1970/01/09 02:44:35 35974 4.546558 1.470633 29.512507 1.788441 0.019331 49.541362 0.019331 0.198820 0.415396 49.541362 0.415396 1692.150552
1970/01/09 02:44:36 35605 0.093026 0.847883 -1.389291 5.776747 -0.839888 2.202762 -0.839888 0.685386 -0.668481 2.202762 -0.668481 2.502033
1970/01/09 02:44:36 35974 4.550762 1.472388 29.955893 1.786440 0.019920 50.197441 0.019920 0.198965 0.442220 50.197441 0.442220 1739.185191
1970/01/09 02:44:37 35605 0.769961 0.803821 -1.325975 5.916228 -0.910180 3.300903 -0.910180 0.721650 -0.889648 3.300903 -0.889648 3.623484
1970/01/09 02:44:37 35974 4.550762 1.472388 29.955893 1.786440 0.019920 50.197441 0.019920 0.198965 0.442220 50.197441 0.442220 1739.185191
1970/01/09 02:44:38 35605 1.461654 0.762827 -1.141156 6.072015 -0.983862 4.670877 -0.983862 0.760870 -1.190429 4.670877 -1.190429 5.628725
1970/01/09 02:44:38 35974 4.550762 1.472388 29.955893 1.786440 0.019920 50.197441 0.019920 0.198965 0.442220 50.197441 0.442220 1739.185191
1970/01/09 02:44:39 35605 1.811843 0.783510 -0.995319 6.107343 -1.015240 5.461779 -1.015240 0.782607 -1.378900 5.461779 -1.378900 7.118700
1970/01/09 02:44:39 35974 4.556147 1.472179 30.928138 1.781144 0.021361 51.643635 0.021361 0.199167 0.509450 51.643635 0.509450 1846.916361
1970/01/09 02:44:40 35605 2.147238 0.810652 -0.843533 6.157052 -1.047559 6.310340 -1.047559 0.806333 -1.585598 6.310340 -1.585598 8.927219
1970/01/09 02:44:40 35974 4.556147 1.472179 30.928138 1.781144 0.021361 51.643635 0.021361 0.199167 0.509450 51.643635 0.509450 1846.916361
1970/01/09 02:44:41 35605 2.499326 0.838711 -0.623177 6.209485 -1.081585 7.404907 -1.081585 0.831339 -1.857404 7.404907 -1.857404 11.643319
1970/01/09 02:44:41 35974 4.556147 1.472179 30.928138 1.781144 0.021361 51.643635 0.021361 0.199167 0.509450 51.643635 0.509450 1846.916361
1970/01/09 02:44:42 35605 2.836993 0.866685 -0.374451 6.280609 -1.117213 8.682924 -1.117213 0.857866 -2.177290 8.682924 -2.177290 15.268924
1970/01/09 02:44:42 35974 4.556147 1.472179 30.928138 1.781144 0.021361 51.643635 0.021361 0.199167 0.509450 51.643635 0.509450 1846.916361
1970/01/09 02:44:43 35605 3.210964 0.946074 -0.137379 6.373444 -1.159059 10.115638 -1.159059 0.896583 -2.544809 10.115638 -2.544809 19.785951
1970/01/09 02:44:43 35974 4.560313 1.473972 31.413890 1.778850 0.022004 52.354309 0.022004 0.199316 0.540969 52.354309 0.540969 1900.591541
1970/01/09 02:44:44 35605 3.571459 1.034553 0.114552 6.490855 -1.203705 11.713490 -1.203705 0.939184 -2.954887 11.713490 -2.954887 25.391808
1970/01/09 02:44:44 35974 4.560485 1.470519 31.236322 1.780363 0.021844 52.088422 0.021844 0.199289 0.532698 52.088422 0.532698 1879.453694
1970/01/09 02:44:45 35605 3.933786 1.125681 0.444525 6.631868 -1.252173 13.773917 -1.252173 0.985314 -3.480821 13.773917 -3.480821 33.612645
1970/01/09 02:44:45 35974 4.560485 1.470519 31.236322 1.780363 0.021844 52.088422 0.021844 0.199289 0.532698 52.088422 0.532698 1879.453694
1970/01/09 02:44:46 35605 4.500368 1.226291 1.864136 6.800891 -1.319192 22.108282 -1.319192 1.046124 -5.611501 22.108282 -5.611501 82.114291
1970/01/09 02:44:46 35974 4.560485 1.470519 31.236322 1.780363 0.021844 52.088422 0.021844 0.199289 0.532698 52.088422 0.532698 1879.453694
1970/01/09 02:44:47 35605 5.071278 1.277795 6.822392 7.100530 -1.394503 59.283408 -1.394503 1.115856 -14.919456 59.283408 -14.919456 553.035484
1970/01/09 02:44:47 35974 4.559149 1.466779 28.719483 1.798767 0.018190 48.324803 0.018190 0.199120 0.367026 48.324803 0.367026 1597.690371
1970/01/09 02:44:48 35605 5.739383 1.316588 -10.763292 8.315279 -1.674254 -98.999428 -1.674254 1.268451 24.486457 -98.999428 24.486457 1282.723325
1970/01/09 02:44:48 35974 4.559149 1.466779 28.719483 1.798767 0.018190 48.324803 0.018190 0.199120 0.367026 48.324803 0.367026 1597.690371
1970/01/09 02:44:49 35605 6.458481 1.380385 -2.789524 9.490378 -1.865450 -33.672385 -1.865450 1.436075 7.948464 -33.672385 7.948464 128.123105
1970/01/09 02:44:49 35974 4.559149 1.466779 28.719483 1.798767 0.018190 48.324803 0.018190 0.199120 0.367026 48.324803 0.367026 1597.690371
1970/01/09 02:44:50 35605 7.568841 1.392109 -0.806568 12.354893 -2.311350 -22.280693 -2.311350 1.765844 4.854888 -22.280693 4.854888 42.484621
1970/01/09 02:44:50 35974 4.563386 1.468514 29.141812 1.796922 0.018751 48.953455 0.018751 0.199264 0.391432 48.953455 0.391432 1641.152907
1970/01/09 02:44:51 35605 9.614739 1.459046 -0.285269 18.252892 -3.183377 -20.933991 -3.183377 2.414767 4.123345 -20.933991 4.123345 25.082527
1970/01/09 02:44:51 35974 4.563386 1.468514 29.141812 1.796922 0.018751 48.953455 0.018751 0.199264 0.391432 48.953455 0.391432 1641.152907
1970/01/09 02:44:52 35605 13.537901 1.627389 -0.624435 30.512337 -4.934770 -24.078335 -4.934770 3.727616 4.286605 -24.078335 4.286605 19.667663
1970/01/09 02:44:52 35974 4.563386 1.468514 29.141812 1.796922 0.018751 48.953455 0.018751 0.199264 0.391432 48.953455 0.391432 1641.152907
1970/01/09 02:44:53 35605 19.112491 1.891716 -1.573413 49.821050 -7.651832 -30.134016 -7.651832 5.773916 5.012749 -30.134016 5.012749 18.750878
1970/01/09 02:44:53 35974 4.561646 1.465062 26.943805 1.813006 0.015520 45.616453 0.015520 0.199118 0.260775 45.616453 0.260775 1409.847403
1970/01/09 02:44:54 35605 28.856488 2.298354 -3.353917 88.839597 -13.098463 -41.567083 -13.098463 9.882448 6.556413 -41.567083 6.556413 19.896401
1970/01/09 02:44:54 35974 4.561646 1.465062 26.943805 1.813006 0.015520 45.616453 0.015520 0.199118 0.260775 45.616453 0.260775 1409.847403
1970/01/09 02:44:55 35605 44.140548 2.922771 -5.754871 163.174196 -23.403898 -59.610728 -23.403898 17.677369 9.065687 -59.610728 9.065687 22.182529
1970/01/09 02:44:55 35974 4.565932 1.466755 27.318219 1.811504 0.016019 46.181688 0.016019 0.199259 0.280221 46.181688 0.280221 1446.083679
1970/01/09 02:44:56 35605 66.730780 3.727965 -8.707287 299.752300 -42.265023 -86.767663 -42.265023 31.961855 12.894201 -86.767663 12.894201 25.498897
1970/01/09 02:44:56 35974 4.565932 1.466755 27.318219 1.811504 0.016019 46.181688 0.016019 0.199259 0.280221 46.181688 0.280221 1446.083679
1970/01/09 02:44:57 35605 79.631398 4.393059 -10.344742 388.133882 -54.456281 -102.605799 -54.456281 41.209631 15.099886 -102.605799 15.099886 27.499512
1970/01/09 02:44:57 35974 4.570211 1.468457 27.702836 1.809932 0.016531 46.760502 0.016531 0.199401 0.300621 46.760502 0.300621 1483.740822
1970/01/09 02:44:58 35605 93.726213 5.172943 -12.089605 492.605445 -68.858766 -120.277571 -68.858766 52.137158 17.550756 -120.277571 17.550756 29.736514
1970/01/09 02:44:58 35974 4.570211 1.468457 27.702836 1.809932 0.016531 46.760502 0.016531 0.199401 0.300621 46.760502 0.300621 1483.740822
1970/01/09 02:44:59 35605 109.932201 6.082411 -13.956860 623.569894 -86.900887 -140.864311 -86.900887 65.827113 20.400076 -140.864311 20.400076 32.184765
1970/01/09 02:44:59 35974 4.568189 1.465196 25.716087 1.824451 0.013588 43.713964 0.013588 0.199268 0.191677 43.713964 0.191677 1284.356539
